  -10.0000000      -361.089539    
  -9.98999977      -358.142151    
  -9.97999954      -355.219299    
  -9.97000027      -352.321198    
  -9.96000004      -349.447052    
  -9.94999981      -346.596893    
  -9.93999958      -343.770538    
  -9.93000031      -340.968079    
  -9.92000008      -338.188721    
  -9.90999985      -335.432587    
  -9.89999962      -332.699432    
  -9.89000034      -329.989380    
  -9.88000011      -327.301697    
  -9.86999989      -324.636414    
  -9.85999966      -321.993347    
  -9.85000038      -319.372650    
  -9.84000015      -316.773468    
  -9.82999992      -314.195984    
  -9.81999969      -311.640015    
  -9.81000042      -309.105591    
  -9.80000019      -306.592041    
  -9.78999996      -304.099457    
  -9.77999973      -301.627625    
  -9.77000046      -299.176636    
  -9.76000023      -296.745789    
  -9.75000000      -294.335236    
  -9.73999977      -291.944733    
  -9.72999954      -289.574158    
  -9.72000027      -287.223480    
  -9.71000004      -284.892212    
  -9.69999981      -282.580322    
  -9.68999958      -280.287659    
  -9.68000031      -278.014313    
  -9.67000008      -275.759644    
  -9.65999985      -273.523743    
  -9.64999962      -271.306458    
  -9.64000034      -269.107788    
  -9.63000011      -266.927155    
  -9.61999989      -264.764679    
  -9.60999966      -262.620178    
  -9.60000038      -260.493713    
  -9.59000015      -258.384674    
  -9.57999992      -256.293182    
  -9.56999969      -254.219040    
  -9.56000042      -252.162354    
  -9.55000019      -250.122513    
  -9.53999996      -248.099625    
  -9.52999973      -246.093552    
  -9.52000046      -244.104294    
  -9.51000023      -242.131363    
  -9.50000000      -240.174789    
  -9.48999977      -238.234436    
  -9.47999954      -236.310211    
  -9.47000027      -234.402100    
  -9.46000004      -232.509659    
  -9.44999981      -230.632858    
  -9.43999958      -228.771637    
  -9.43000031      -226.926025    
  -9.42000008      -225.095520    
  -9.40999985      -223.280197    
  -9.39999962      -221.479919    
  -9.39000034      -219.694687    
  -9.38000011      -217.924057    
  -9.36999989      -216.168137    
  -9.35999966      -214.426712    
  -9.35000038      -212.699890    
  -9.34000015      -210.987198    
  -9.32999992      -209.288696    
  -9.31999969      -207.604172    
  -9.31000042      -205.933792    
  -9.30000019      -204.277069    
  -9.28999996      -202.634048    
  -9.27999973      -201.004608    
  -9.27000046      -199.388779    
  -9.26000023      -197.786163    
  -9.25000000      -196.196793    
  -9.23999977      -194.620560    
  -9.22999954      -193.057312    
  -9.22000027      -191.507156    
  -9.21000004      -189.969620    
  -9.19999981      -188.444809    
  -9.18999958      -186.932587    
  -9.18000031      -185.432999    
  -9.17000008      -183.945648    
  -9.15999985      -182.470535    
  -9.14999962      -181.007599    
  -9.14000034      -179.556885    
  -9.13000011      -178.117981    
  -9.11999989      -176.690979    
  -9.10999966      -175.275696    
  -9.10000038      -173.872238    
  -9.09000015      -172.480209    
  -9.07999992      -171.099655    
  -9.06999969      -169.730469    
  -9.06000042      -168.372681    
  -9.05000019      -167.025970    
  -9.03999996      -165.690353    
  -9.02999973      -164.365707    
  -9.02000046      -163.052094    
  -9.01000023      -161.749191    
  -9.00000000      -160.456985    
  -8.98999977      -159.175430    
  -8.97999954      -157.904404    
  -8.97000027      -156.643967    
  -8.96000004      -155.393753    
  -8.94999981      -154.153824    
  -8.94000053      -152.924225    
  -8.93000031      -151.704605    
  -8.92000008      -150.494995    
  -8.90999985      -149.295349    
  -8.89999962      -148.105530    
  -8.89000034      -146.925629    
  -8.88000011      -145.755280    
  -8.86999989      -144.594559    
  -8.85999966      -143.443344    
  -8.85000038      -142.301712    
  -8.84000015      -141.169327    
  -8.82999992      -140.046219    
  -8.81999969      -138.932343    
  -8.81000042      -137.827713    
  -8.80000019      -136.732025    
  -8.78999996      -135.645325    
  -8.77999973      -134.567535    
  -8.77000046      -133.498672    
  -8.76000023      -132.438492    
  -8.75000000      -131.386993    
  -8.73999977      -130.344086    
  -8.72999954      -129.309723    
  -8.72000027      -128.283920    
  -8.71000004      -127.266457    
  -8.69999981      -126.257294    
  -8.69000053      -125.256508    
  -8.68000031      -124.263802    
  -8.67000008      -123.279228    
  -8.65999985      -122.302689    
  -8.64999962      -121.334145    
  -8.64000034      -120.373627    
  -8.63000011      -119.420860    
  -8.61999989      -118.475876    
  -8.60999966      -117.538612    
  -8.60000038      -116.609123    
  -8.59000015      -115.687119    
  -8.57999992      -114.772644    
  -8.56999969      -113.865646    
  -8.56000042      -112.966133    
  -8.55000019      -112.073898    
  -8.53999996      -111.188911    
  -8.52999973      -110.311180    
  -8.52000046      -109.440674    
  -8.51000023      -108.577187    
  -8.50000000      -107.720757    
  -8.48999977      -106.871307    
  -8.47999954      -106.028778    
  -8.47000027      -105.193199    
  -8.46000004      -104.364357    
  -8.44999981      -103.542259    
  -8.44000053      -102.726944    
  -8.43000031      -101.918190    
  -8.42000008      -101.116020    
  -8.40999985      -100.320389    
  -8.39999962      -99.5312424    
  -8.39000034      -98.7485733    
  -8.38000011      -97.9721985    
  -8.36999989      -97.2021713    
  -8.35999966      -96.4383774    
  -8.35000038      -95.6808929    
  -8.34000015      -94.9294739    
  -8.32999992      -94.1841736    
  -8.31999969      -93.4449387    
  -8.31000042      -92.7117767    
  -8.30000019      -91.9845047    
  -8.28999996      -91.2631378    
  -8.27999973      -90.5476456    
  -8.27000046      -89.8379974    
  -8.26000023      -89.1340790    
  -8.25000000      -88.4358597    
  -8.23999977      -87.7433090    
  -8.22999954      -87.0563736    
  -8.22000027      -86.3750916    
  -8.21000004      -85.6992645    
  -8.19999981      -85.0289078    
  -8.19000053      -84.3640671    
  -8.18000031      -83.7045364    
  -8.17000008      -83.0503693    
  -8.15999985      -82.4014893    
  -8.14999962      -81.7578812    
  -8.14000034      -81.1195374    
  -8.13000011      -80.4862976    
  -8.11999989      -79.8582077    
  -8.10999966      -79.2351837    
  -8.10000038      -78.6172562    
  -8.09000015      -78.0042877    
  -8.07999992      -77.3962708    
  -8.06999969      -76.7931747    
  -8.06000042      -76.1950150    
  -8.05000019      -75.6016312    
  -8.03999996      -75.0130463    
  -8.02999973      -74.4292221    
  -8.02000046      -73.8501740    
  -8.01000023      -73.2757416    
  -8.00000000      -72.7059555    
  -7.98999977      -72.1407776    
  -7.98000002      -71.5801773    
  -7.97000027      -71.0241089    
  -7.96000004      -70.4725037    
  -7.94999981      -69.9253540    
  -7.94000006      -69.3826294    
  -7.93000031      -68.8442993    
  -7.92000008      -68.3102722    
  -7.90999985      -67.7805710    
  -7.90000010      -67.2551422    
  -7.89000034      -66.7339706    
  -7.88000011      -66.2169571    
  -7.86999989      -65.7041245    
  -7.86000013      -65.1954269    
  -7.85000038      -64.6908417    
  -7.84000015      -64.1902924    
  -7.82999992      -63.6937675    
  -7.81999969      -63.2012558    
  -7.80999994      -62.7127113    
  -7.80000019      -62.2281075    
  -7.78999996      -61.7473755    
  -7.77999973      -61.2705078    
  -7.76999998      -60.7974930    
  -7.76000023      -60.3282967    
  -7.75000000      -59.8628387    
  -7.73999977      -59.4011230    
  -7.73000002      -58.9431343    
  -7.72000027      -58.4888306    
  -7.71000004      -58.0381508    
  -7.69999981      -57.5910912    
  -7.69000006      -57.1476402    
  -7.68000031      -56.7077446    
  -7.67000008      -56.2713661    
  -7.65999985      -55.8384743    
  -7.65000010      -55.4090843    
  -7.64000034      -54.9831390    
  -7.63000011      -54.5605888    
  -7.61999989      -54.1414185    
  -7.61000013      -53.7256241    
  -7.60000038      -53.3131714    
  -7.59000015      -52.9039993    
  -7.57999992      -52.4981079    
  -7.57000017      -52.0954819    
  -7.55999994      -51.6960564    
  -7.55000019      -51.2998543    
  -7.53999996      -50.9067917    
  -7.52999973      -50.5168839    
  -7.51999998      -50.1301041    
  -7.51000023      -49.7464218    
  -7.50000000      -49.3657913    
  -7.48999977      -48.9882088    
  -7.48000002      -48.6136513    
  -7.47000027      -48.2420845    
  -7.46000004      -47.8734741    
  -7.44999981      -47.5078049    
  -7.44000006      -47.1450729    
  -7.43000031      -46.7852325    
  -7.42000008      -46.4282532    
  -7.40999985      -46.0741158    
  -7.40000010      -45.7228279    
  -7.39000034      -45.3743362    
  -7.38000011      -45.0286102    
  -7.36999989      -44.6856308    
  -7.36000013      -44.3454094    
  -7.35000038      -44.0079002    
  -7.34000015      -43.6730614    
  -7.32999992      -43.3408852    
  -7.32000017      -43.0113754    
  -7.30999994      -42.6844711    
  -7.30000019      -42.3601799    
  -7.28999996      -42.0384598    
  -7.27999973      -41.7192955    
  -7.26999998      -41.4026909    
  -7.26000023      -41.0886002    
  -7.25000000      -40.7769890    
  -7.23999977      -40.4678535    
  -7.23000002      -40.1611977    
  -7.22000027      -39.8569679    
  -7.21000004      -39.5551414    
  -7.19999981      -39.2557182    
  -7.19000006      -38.9586792    
  -7.18000031      -38.6640053    
  -7.17000008      -38.3716507    
  -7.15999985      -38.0816154    
  -7.15000010      -37.7938995    
  -7.14000034      -37.5084610    
  -7.13000011      -37.2252731    
  -7.11999989      -36.9443283    
  -7.11000013      -36.6656265    
  -7.10000038      -36.3891335    
  -7.09000015      -36.1148109    
  -7.07999992      -35.8426628    
  -7.07000017      -35.5726852    
  -7.06000042      -35.3048401    
  -7.05000019      -35.0391045    
  -7.03999996      -34.7754707    
  -7.02999973      -34.5139236    
  -7.01999998      -34.2544556    
  -7.01000023      -33.9970398    
  -7.00000000      -33.7416458    
  -6.98999977      -33.4882736    
  -6.98000002      -33.2369080    
  -6.97000027      -32.9875336    
  -6.96000004      -32.7401123    
  -6.94999981      -32.4946442    
  -6.94000006      -32.2511292    
  -6.93000031      -32.0095367    
  -6.92000008      -31.7698326    
  -6.90999985      -31.5320225    
  -6.90000010      -31.2961006    
  -6.89000034      -31.0620346    
  -6.88000011      -30.8298073    
  -6.86999989      -30.5994072    
  -6.86000013      -30.3708305    
  -6.85000038      -30.1440563    
  -6.84000015      -29.9190540    
  -6.82999992      -29.6958256    
  -6.82000017      -29.4743614    
  -6.81000042      -29.2546444    
  -6.80000019      -29.0366421    
  -6.78999996      -28.8203564    
  -6.77999973      -28.6057663    
  -6.76999998      -28.3928795    
  -6.76000023      -28.1816597    
  -6.75000000      -27.9720955    
  -6.73999977      -27.7641735    
  -6.73000002      -27.5578957    
  -6.72000027      -27.3532314    
  -6.71000004      -27.1501694    
  -6.69999981      -26.9487038    
  -6.69000006      -26.7488232    
  -6.68000031      -26.5505123    
  -6.67000008      -26.3537445    
  -6.65999985      -26.1585178    
  -6.65000010      -25.9648342    
  -6.64000034      -25.7726650    
  -6.63000011      -25.5819931    
  -6.61999989      -25.3928146    
  -6.61000013      -25.2051258    
  -6.60000038      -25.0189056    
  -6.59000015      -24.8341331    
  -6.57999992      -24.6508064    
  -6.57000017      -24.4689236    
  -6.56000042      -24.2884636    
  -6.55000019      -24.1094036    
  -6.53999996      -23.9317417    
  -6.52999973      -23.7554684    
  -6.51999998      -23.5805836    
  -6.51000023      -23.4070606    
  -6.50000000      -23.2348862    
  -6.48999977      -23.0640545    
  -6.48000002      -22.8945637    
  -6.47000027      -22.7263947    
  -6.46000004      -22.5595322    
  -6.44999981      -22.3939648    
  -6.44000006      -22.2297001    
  -6.43000031      -22.0667171    
  -6.42000008      -21.9049931    
  -6.40999985      -21.7445297    
  -6.40000010      -21.5853214    
  -6.39000034      -21.4273529    
  -6.38000011      -21.2706051    
  -6.36999989      -21.1150837    
  -6.36000013      -20.9607716    
  -6.35000038      -20.8076611    
  -6.34000015      -20.6557350    
  -6.32999992      -20.5049915    
  -6.32000017      -20.3554249    
  -6.31000042      -20.2070198    
  -6.30000019      -20.0597572    
  -6.28999996      -19.9136448    
  -6.27999973      -19.7686596    
  -6.26999998      -19.6248093    
  -6.26000023      -19.4820728    
  -6.25000000      -19.3404388    
  -6.23999977      -19.1999035    
  -6.23000002      -19.0604610    
  -6.22000027      -18.9221020    
  -6.21000004      -18.7848072    
  -6.19999981      -18.6485748    
  -6.19000006      -18.5134048    
  -6.18000031      -18.3792820    
  -6.17000008      -18.2461891    
  -6.15999985      -18.1141262    
  -6.15000010      -17.9830894    
  -6.14000034      -17.8530674    
  -6.13000011      -17.7240467    
  -6.11999989      -17.5960178    
  -6.11000013      -17.4689884    
  -6.10000038      -17.3429394    
  -6.09000015      -17.2178555    
  -6.07999992      -17.0937386    
  -6.07000017      -16.9705849    
  -6.06000042      -16.8483829    
  -6.05000019      -16.7271194    
  -6.03999996      -16.6067848    
  -6.02999973      -16.4873810    
  -6.01999998      -16.3689041    
  -6.01000023      -16.2513390    
  -6.00000000      -16.1346703    
  -5.99000025      -16.0189095    
  -5.98000002      -15.9040365    
  -5.97000027      -15.7900515    
  -5.96000004      -15.6769361    
  -5.95000029      -15.5646944    
  -5.94000006      -15.4533119    
  -5.93000031      -15.3427925    
  -5.92000008      -15.2331152    
  -5.91000032      -15.1242876    
  -5.90000010      -15.0162888    
  -5.88999987      -14.9091215    
  -5.88000011      -14.8027782    
  -5.86999989      -14.6972485    
  -5.86000013      -14.5925322    
  -5.84999990      -14.4886160    
  -5.84000015      -14.3855000    
  -5.82999992      -14.2831688    
  -5.82000017      -14.1816273    
  -5.80999994      -14.0808601    
  -5.80000019      -13.9808664    
  -5.78999996      -13.8816347    
  -5.78000021      -13.7831688    
  -5.76999998      -13.6854506    
  -5.76000023      -13.5884857    
  -5.75000000      -13.4922562    
  -5.74000025      -13.3967667    
  -5.73000002      -13.3020010    
  -5.72000027      -13.2079668    
  -5.71000004      -13.1146431    
  -5.70000029      -13.0220394    
  -5.69000006      -12.9301357    
  -5.68000031      -12.8389416    
  -5.67000008      -12.7484360    
  -5.66000032      -12.6586237    
  -5.65000010      -12.5694933    
  -5.63999987      -12.4810419    
  -5.63000011      -12.3932686    
  -5.61999989      -12.3061600    
  -5.61000013      -12.2197199    
  -5.59999990      -12.1339331    
  -5.59000015      -12.0488024    
  -5.57999992      -11.9643154    
  -5.57000017      -11.8804750    
  -5.55999994      -11.7972670    
  -5.55000019      -11.7146969    
  -5.53999996      -11.6327505    
  -5.53000021      -11.5514297    
  -5.51999998      -11.4707241    
  -5.51000023      -11.3906336    
  -5.50000000      -11.3111467    
  -5.49000025      -11.2322683    
  -5.48000002      -11.1539841    
  -5.47000027      -11.0762959    
  -5.46000004      -10.9991932    
  -5.45000029      -10.9226789    
  -5.44000006      -10.8467388    
  -5.43000031      -10.7713795    
  -5.42000008      -10.6965866    
  -5.41000032      -10.6223621    
  -5.40000010      -10.5486965    
  -5.38999987      -10.4755888    
  -5.38000011      -10.4030371    
  -5.36999989      -10.3310308    
  -5.36000013      -10.2595711    
  -5.34999990      -10.1886463    
  -5.34000015      -10.1182623    
  -5.32999992      -10.0484056    
  -5.32000017      -9.97908020    
  -5.30999994      -9.91027355    
  -5.30000019      -9.84199047    
  -5.28999996      -9.77421665    
  -5.28000021      -9.70695782    
  -5.26999998      -9.64020348    
  -5.26000023      -9.57395458    
  -5.25000000      -9.50820160    
  -5.24000025      -9.44294548    
  -5.23000002      -9.37817764    
  -5.22000027      -9.31390095    
  -5.21000004      -9.25010395    
  -5.20000029      -9.18678951    
  -5.19000006      -9.12394714    
  -5.18000031      -9.06158066    
  -5.17000008      -8.99967957    
  -5.16000032      -8.93824673    
  -5.15000010      -8.87727070    
  -5.14000034      -8.81675529    
  -5.13000011      -8.75669193    
  -5.11999989      -8.69707775    
  -5.11000013      -8.63791370    
  -5.09999990      -8.57918930    
  -5.09000015      -8.52090836    
  -5.07999992      -8.46306038    
  -5.07000017      -8.40564823    
  -5.05999994      -8.34866333    
  -5.05000019      -8.29210758    
  -5.03999996      -8.23597240    
  -5.03000021      -8.18025780    
  -5.01999998      -8.12495804    
  -5.01000023      -8.07007313    
  -5.00000000      -8.01559544    
  -4.99000025      -7.96152592    
  -4.98000002      -7.90785980    
  -4.97000027      -7.85459471    
  -4.96000004      -7.80172539    
  -4.95000029      -7.74925137    
  -4.94000006      -7.69716692    
  -4.93000031      -7.64547253    
  -4.92000008      -7.59416008    
  -4.91000032      -7.54323196    
  -4.90000010      -7.49268103    
  -4.89000034      -7.44250822    
  -4.88000011      -7.39270592    
  -4.86999989      -7.34327459    
  -4.86000013      -7.29421139    
  -4.84999990      -7.24551153    
  -4.84000015      -7.19717550    
  -4.82999992      -7.14919472    
  -4.82000017      -7.10157347    
  -4.80999994      -7.05430269    
  -4.80000019      -7.00738478    
  -4.78999996      -6.96081161    
  -4.78000021      -6.91458654    
  -4.76999998      -6.86870050    
  -4.76000023      -6.82315683    
  -4.75000000      -6.77794838    
  -4.74000025      -6.73307657    
  -4.73000002      -6.68853426    
  -4.72000027      -6.64432287    
  -4.71000004      -6.60043621    
  -4.70000029      -6.55687666    
  -4.69000006      -6.51363468    
  -4.68000031      -6.47071600    
  -4.67000008      -6.42811108    
  -4.66000032      -6.38582277    
  -4.65000010      -6.34384346    
  -4.64000034      -6.30217600    
  -4.63000011      -6.26081371    
  -4.61999989      -6.21975613    
  -4.61000013      -6.17900181    
  -4.59999990      -6.13854599    
  -4.59000015      -6.09838963    
  -4.57999992      -6.05852652    
  -4.57000017      -6.01895761    
  -4.55999994      -5.97967768    
  -4.55000019      -5.94069004    
  -4.53999996      -5.90198469    
  -4.53000021      -5.86356592    
  -4.51999998      -5.82542706    
  -4.51000023      -5.78756952    
  -4.50000000      -5.74998808    
  -4.49000025      -5.71268272    
  -4.48000002      -5.67564964    
  -4.47000027      -5.63888836    
  -4.46000004      -5.60239553    
  -4.45000029      -5.56617069    
  -4.44000006      -5.53020859    
  -4.43000031      -5.49451256    
  -4.42000008      -5.45907402    
  -4.41000032      -5.42389679    
  -4.40000010      -5.38897467    
  -4.39000034      -5.35430813    
  -4.38000011      -5.31989288    
  -4.37000036      -5.28573084    
  -4.36000013      -5.25181580    
  -4.34999990      -5.21814775    
  -4.34000015      -5.18472624    
  -4.32999992      -5.15154696    
  -4.32000017      -5.11860943    
  -4.30999994      -5.08591127    
  -4.30000019      -5.05345154    
  -4.28999996      -5.02122593    
  -4.28000021      -4.98923588    
  -4.26999998      -4.95747614    
  -4.26000023      -4.92594910    
  -4.25000000      -4.89464855    
  -4.24000025      -4.86357641    
  -4.23000002      -4.83272791    
  -4.22000027      -4.80210495    
  -4.21000004      -4.77170134    
  -4.20000029      -4.74151945    
  -4.19000006      -4.71155453    
  -4.18000031      -4.68180752    
  -4.17000008      -4.65227365    
  -4.16000032      -4.62295532    
  -4.15000010      -4.59384680    
  -4.14000034      -4.56494856    
  -4.13000011      -4.53625870    
  -4.12000036      -4.50777626    
  -4.11000013      -4.47949743    
  -4.09999990      -4.45142365    
  -4.09000015      -4.42355204    
  -4.07999992      -4.39587975    
  -4.07000017      -4.36840725    
  -4.05999994      -4.34113169    
  -4.05000019      -4.31405306    
  -4.03999996      -4.28716755    
  -4.03000021      -4.26047611    
  -4.01999998      -4.23397446    
  -4.01000023      -4.20766497    
  -4.00000000      -4.18154192    
  -3.99000025      -4.15560722    
  -3.98000002      -4.12985754    
  -3.97000027      -4.10429239    
  -3.96000004      -4.07890940    
  -3.95000029      -4.05370903    
  -3.94000006      -4.02868700    
  -3.93000031      -4.00384474    
  -3.92000008      -3.97917843    
  -3.91000032      -3.95468950    
  -3.90000010      -3.93037391    
  -3.89000034      -3.90623260    
  -3.88000011      -3.88226199    
  -3.87000036      -3.85846281    
  -3.86000013      -3.83483124    
  -3.84999990      -3.81136847    
  -3.84000015      -3.78807306    
  -3.82999992      -3.76494217    
  -3.82000017      -3.74197602    
  -3.80999994      -3.71917176    
  -3.80000019      -3.69653034    
  -3.78999996      -3.67404771    
  -3.78000021      -3.65172553    
  -3.76999998      -3.62956023    
  -3.76000023      -3.60755229    
  -3.75000000      -3.58569860    
  -3.74000025      -3.56400061    
  -3.73000002      -3.54245496    
  -3.72000027      -3.52106118    
  -3.71000004      -3.49981761    
  -3.70000029      -3.47872472    
  -3.69000006      -3.45777893    
  -3.68000031      -3.43698192    
  -3.67000008      -3.41632962    
  -3.66000032      -3.39582372    
  -3.65000010      -3.37546015    
  -3.64000034      -3.35524106    
  -3.63000011      -3.33516216    
  -3.62000036      -3.31522489    
  -3.61000013      -3.29542589    
  -3.60000038      -3.27576661    
  -3.59000015      -3.25624394    
  -3.57999992      -3.23685741    
  -3.57000017      -3.21760678    
  -3.55999994      -3.19848990    
  -3.55000019      -3.17950678    
  -3.53999996      -3.16065526    
  -3.53000021      -3.14193511    
  -3.51999998      -3.12334466    
  -3.51000023      -3.10488391    
  -3.50000000      -3.08655095    
  -3.49000025      -3.06834555    
  -3.48000002      -3.05026579    
  -3.47000027      -3.03231168    
  -3.46000004      -3.01448107    
  -3.45000029      -2.99677491    
  -3.44000006      -2.97918963    
  -3.43000031      -2.96172667    
  -3.42000008      -2.94438338    
  -3.41000032      -2.92716026    
  -3.40000010      -2.91005516    
  -3.39000034      -2.89306855    
  -3.38000011      -2.87619758    
  -3.37000036      -2.85944295    
  -3.36000013      -2.84280276    
  -3.35000038      -2.82627726    
  -3.34000015      -2.80986452    
  -3.32999992      -2.79356360    
  -3.32000017      -2.77737474    
  -3.30999994      -2.76129603    
  -3.30000019      -2.74532747    
  -3.28999996      -2.72946715    
  -3.28000021      -2.71371531    
  -3.26999998      -2.69806957    
  -3.26000023      -2.68253112    
  -3.25000000      -2.66709757    
  -3.24000025      -2.65176916    
  -3.23000002      -2.63654375    
  -3.22000027      -2.62142229    
  -3.21000004      -2.60640216    
  -3.20000029      -2.59148383    
  -3.19000006      -2.57666588    
  -3.18000031      -2.56194782    
  -3.17000008      -2.54732847    
  -3.16000032      -2.53280807    
  -3.15000010      -2.51838446    
  -3.14000034      -2.50405812    
  -3.13000011      -2.48982716    
  -3.12000036      -2.47569132    
  -3.11000013      -2.46165013    
  -3.10000038      -2.44770265    
  -3.09000015      -2.43384790    
  -3.07999992      -2.42008495    
  -3.07000017      -2.40641451    
  -3.05999994      -2.39283347    
  -3.05000019      -2.37934399    
  -3.03999996      -2.36594224    
  -3.03000021      -2.35263038    
  -3.01999998      -2.33940554    
  -3.01000023      -2.32626867    
  -3.00000000      -2.31321740    
  -2.99000025      -2.30025244    
  -2.98000002      -2.28737187    
  -2.97000027      -2.27457666    
  -2.96000004      -2.26186490    
  -2.95000029      -2.24923635    
  -2.94000006      -2.23668933    
  -2.93000031      -2.22422504    
  -2.92000008      -2.21184087    
  -2.91000032      -2.19953823    
  -2.90000010      -2.18731427    
  -2.89000034      -2.17517042    
  -2.88000011      -2.16310406    
  -2.87000036      -2.15111637    
  -2.86000013      -2.13920498    
  -2.85000038      -2.12737083    
  -2.84000015      -2.11561227    
  -2.82999992      -2.10392904    
  -2.82000017      -2.09232092    
  -2.80999994      -2.08078623    
  -2.80000019      -2.06932569    
  -2.78999996      -2.05793762    
  -2.78000021      -2.04662204    
  -2.76999998      -2.03537750    
  -2.76000023      -2.02420497    
  -2.75000000      -2.01310229    
  -2.74000025      -2.00206947    
  -2.73000002      -1.99110591    
  -2.72000027      -1.98021162    
  -2.71000004      -1.96938503    
  -2.70000029      -1.95862615    
  -2.69000006      -1.94793403    
  -2.68000031      -1.93730891    
  -2.67000008      -1.92674875    
  -2.66000032      -1.91625488    
  -2.65000010      -1.90582502    
  -2.64000034      -1.89545989    
  -2.63000011      -1.88515770    
  -2.62000036      -1.87491953    
  -2.61000013      -1.86474311    
  -2.60000038      -1.85462904    
  -2.59000015      -1.84457600    
  -2.58000040      -1.83458483    
  -2.57000017      -1.82465327    
  -2.55999994      -1.81478179    
  -2.55000019      -1.80497003    
  -2.53999996      -1.79521680    
  -2.53000021      -1.78552210    
  -2.51999998      -1.77588463    
  -2.51000023      -1.76630521    
  -2.50000000      -1.75678205    
  -2.49000025      -1.74731553    
  -2.48000002      -1.73790431    
  -2.47000027      -1.72854900    
  -2.46000004      -1.71924782    
  -2.45000029      -1.71000135    
  -2.44000006      -1.70080829    
  -2.43000031      -1.69166911    
  -2.42000008      -1.68258190    
  -2.41000032      -1.67354774    
  -2.40000010      -1.66456509    
  -2.39000034      -1.65563405    
  -2.38000011      -1.64675343    
  -2.37000036      -1.63792336    
  -2.36000013      -1.62914324    
  -2.35000038      -1.62041271    
  -2.34000015      -1.61173058    
  -2.33000040      -1.60309780    
  -2.32000017      -1.59451246    
  -2.30999994      -1.58597469    
  -2.30000019      -1.57748425    
  -2.28999996      -1.56904042    
  -2.28000021      -1.56064284    
  -2.26999998      -1.55229104    
  -2.26000023      -1.54398453    
  -2.25000000      -1.53572273    
  -2.24000025      -1.52750552    
  -2.23000002      -1.51933205    
  -2.22000027      -1.51120234    
  -2.21000004      -1.50311542    
  -2.20000029      -1.49507129    
  -2.19000006      -1.48706925    
  -2.18000031      -1.47910905    
  -2.17000008      -1.47118998    
  -2.16000032      -1.46331227    
  -2.15000010      -1.45547438    
  -2.14000034      -1.44767714    
  -2.13000011      -1.43991888    
  -2.12000036      -1.43220031    
  -2.11000013      -1.42452002    
  -2.10000038      -1.41687846    
  -2.09000015      -1.40927422    
  -2.08000040      -1.40170825    
  -2.07000017      -1.39417863    
  -2.05999994      -1.38668561    
  -2.05000019      -1.37922955    
  -2.03999996      -1.37180865    
  -2.03000021      -1.36442363    
  -2.01999998      -1.35707319    
  -2.01000023      -1.34975767    
  -2.00000000      -1.34247589    
  -1.98999977      -1.33522785    
  -1.98000050      -1.32801402    
  -1.97000027      -1.32083225    
  -1.96000004      -1.31368327    
  -1.94999981      -1.30656624    
  -1.94000053      -1.29948163    
  -1.93000031      -1.29242778    
  -1.92000008      -1.28540480    
  -1.90999985      -1.27841234    
  -1.90000057      -1.27145076    
  -1.89000034      -1.26451814    
  -1.88000011      -1.25761497    
  -1.86999989      -1.25074077    
  -1.86000061      -1.24389565    
  -1.85000038      -1.23707795    
  -1.84000015      -1.23028827    
  -1.82999992      -1.22352600    
  -1.82000065      -1.21679103    
  -1.81000042      -1.21008217    
  -1.80000019      -1.20339990    
  -1.78999996      -1.19674301    
  -1.77999973      -1.19011152    
  -1.77000046      -1.18350589    
  -1.76000023      -1.17692411    
  -1.75000000      -1.17036676    
  -1.73999977      -1.16383338    
  -1.73000050      -1.15732384    
  -1.72000027      -1.15083706    
  -1.71000004      -1.14437282    
  -1.69999981      -1.13793087    
  -1.69000053      -1.13151157    
  -1.68000031      -1.12511325    
  -1.67000008      -1.11873615    
  -1.65999985      -1.11237967    
  -1.65000057      -1.10604453    
  -1.64000034      -1.09972870    
  -1.63000011      -1.09343243    
  -1.61999989      -1.08715546    
  -1.61000061      -1.08089793    
  -1.60000038      -1.07465839    
  -1.59000015      -1.06843698    
  -1.57999992      -1.06223345    
  -1.57000065      -1.05604780    
  -1.56000042      -1.04987824    
  -1.55000019      -1.04372549    
  -1.53999996      -1.03758895    
  -1.52999973      -1.03146827    
  -1.52000046      -1.02536345    
  -1.51000023      -1.01927340    
  -1.50000000      -1.01319790    
  -1.48999977      -1.00713658    
  -1.48000050      -1.00108993    
  -1.47000027     -0.995056152    
  -1.46000004     -0.989035249    
  -1.44999981     -0.983027399    
  -1.44000053     -0.977032542    
  -1.43000031     -0.971048832    
  -1.42000008     -0.965076804    
  -1.40999985     -0.959116161    
  -1.40000057     -0.953166723    
  -1.39000034     -0.947227061    
  -1.38000011     -0.941297591    
  -1.36999989     -0.935377598    
  -1.36000061     -0.929467678    
  -1.35000038     -0.923565745    
  -1.34000015     -0.917672515    
  -1.32999992     -0.911787152    
  -1.32000065     -0.905910134    
  -1.31000042     -0.900039673    
  -1.30000019     -0.894176245    
  -1.28999996     -0.888319373    
  -1.27999973     -0.882468522    
  -1.27000046     -0.876623750    
  -1.26000023     -0.870783567    
  -1.25000000     -0.864948452    
  -1.23999977     -0.859117985    
  -1.23000050     -0.853291750    
  -1.22000027     -0.847468793    
  -1.21000004     -0.841649055    
  -1.19999981     -0.835831881    
  -1.19000053     -0.830017984    
  -1.18000031     -0.824205518    
  -1.17000008     -0.818394244    
  -1.15999985     -0.812584519    
  -1.15000057     -0.806775928    
  -1.14000034     -0.800967157    
  -1.13000011     -0.795158029    
  -1.11999989     -0.789348543    
  -1.11000061     -0.783538461    
  -1.10000038     -0.777726531    
  -1.09000015     -0.771912694    
  -1.07999992     -0.766096711    
  -1.07000065     -0.760278463    
  -1.06000042     -0.754456401    
  -1.05000019     -0.748630762    
  -1.03999996     -0.742800951    
  -1.02999973     -0.736966848    
  -1.02000046     -0.731128335    
  -1.01000023     -0.725283802    
  -1.00000000     -0.719433248    
 -0.989999771     -0.713576436    
 -0.980000496     -0.707713366    
 -0.970000267     -0.701842546    
 -0.960000038     -0.695963979    
 -0.949999809     -0.690077007    
 -0.940000534     -0.684181929    
 -0.930000305     -0.678277194    
 -0.920000076     -0.672362804    
 -0.909999847     -0.666438282    
 -0.900000572     -0.660503685    
 -0.890000343     -0.654557228    
 -0.880000114     -0.648599148    
 -0.869999886     -0.642628908    
 -0.860000610     -0.636646509    
 -0.850000381     -0.630650520    
 -0.840000153     -0.624640822    
 -0.829999924     -0.618616819    
 -0.820000648     -0.612578630    
 -0.810000420     -0.606524587    
 -0.800000191     -0.600454569    
 -0.789999962     -0.594368458    
 -0.779999733     -0.588265181    
 -0.770000458     -0.582144976    
 -0.760000229     -0.576006114    
 -0.750000000     -0.569848895    
 -0.739999771     -0.563672245    
 -0.730000496     -0.557476461    
 -0.720000267     -0.551259756    
 -0.710000038     -0.545022249    
 -0.699999809     -0.538763046    
 -0.690000534     -0.532482266    
 -0.680000305     -0.526178122    
 -0.670000076     -0.519850671    
 -0.659999847     -0.513499141    
 -0.650000572     -0.507123590    
 -0.640000343     -0.500722170    
 -0.630000114     -0.494294703    
 -0.619999886     -0.487840712    
 -0.610000610     -0.481360137    
 -0.600000381     -0.474850774    
 -0.590000153     -0.468313038    
 -0.579999924     -0.461745679    
 -0.570000648     -0.455149293    
 -0.560000420     -0.448521256    
 -0.550000191     -0.441861749    
 -0.539999962     -0.435170054    
 -0.530000687     -0.428446174    
 -0.520000458     -0.421687782    
 -0.510000229     -0.414894938    
 -0.500000000     -0.408067107    
 -0.489999771     -0.401202917    
 -0.480000496     -0.394302785    
 -0.470000267     -0.387364209    
 -0.460000038     -0.380387068    
 -0.449999809     -0.373370707    
 -0.440000534     -0.366314888    
 -0.430000305     -0.359217286    
 -0.420000076     -0.352077603    
 -0.409999847     -0.344895422    
 -0.400000572     -0.337669969    
 -0.390000343     -0.330399275    
 -0.380000114     -0.323083103    
 -0.369999886     -0.315720201    
 -0.360000610     -0.308310449    
 -0.350000381     -0.300851703    
 -0.340000153     -0.293343127    
 -0.329999924     -0.285784245    
 -0.320000648     -0.278174579    
 -0.310000420     -0.270511210    
 -0.300000191     -0.262794435    
 -0.289999962     -0.255022645    
 -0.280000687     -0.247195721    
 -0.270000458     -0.239310920    
 -0.260000229     -0.231367946    
 -0.250000000     -0.223365366    
 -0.239999771     -0.215302289    
 -0.230000496     -0.207177937    
 -0.220000267     -0.198989749    
 -0.210000038     -0.190737247    
 -0.199999809     -0.182418883    
 -0.190000534     -0.174034297    
 -0.180000305     -0.165580630    
 -0.170000076     -0.157057047    
 -0.159999847     -0.148462117    
 -0.150000572     -0.139795601    
 -0.140000343     -0.131054163    
 -0.130000114     -0.122237027    
 -0.119999886     -0.113342822    
 -0.110000610     -0.104370594    
 -0.100000381      -9.53176618E-02
  -9.00001526E-02  -8.61824155E-02
  -7.99999237E-02  -7.69639015E-02
  -7.00006485E-02  -6.76611662E-02
  -6.00004196E-02  -5.82703352E-02
  -5.00001907E-02  -4.87908125E-02
  -3.99999619E-02  -3.92207503E-02
  -3.00006866E-02  -2.95595527E-02
  -2.00004578E-02  -1.98031068E-02
  -1.00002289E-02  -9.95063782E-03
   0.00000000       0.00000000    
   1.00002289E-02   1.00506544E-02
   1.99995041E-02   2.02022791E-02
   2.99997330E-02   3.04589272E-02
   3.99999619E-02   4.08216715E-02
   5.00001907E-02   5.12929559E-02
   5.99994659E-02   6.18736148E-02
   6.99996948E-02   7.25681186E-02
   7.99999237E-02   8.33776593E-02
   9.00001526E-02   9.43045616E-02
   9.99994278E-02  0.105349839    
  0.109999657      0.116518617    
  0.119999886      0.127811790    
  0.130000114      0.139232159    
  0.139999390      0.150780916    
  0.149999619      0.162463129    
  0.159999847      0.174280167    
  0.170000076      0.186234891    
  0.179999352      0.198328555    
  0.189999580      0.210566580    
  0.199999809      0.222950399    
  0.210000038      0.235483110    
  0.219999313      0.248166382    
  0.229999542      0.261005580    
  0.239999771      0.274002492    
  0.250000000      0.287160456    
  0.260000229      0.300482333    
  0.269999504      0.313969910    
  0.279999733      0.327629209    
  0.289999962      0.341462255    
  0.300000191      0.355472326    
  0.309999466      0.369661152    
  0.319999695      0.384034991    
  0.329999924      0.398596168    
  0.340000153      0.413347960    
  0.349999428      0.428292692    
  0.359999657      0.443436205    
  0.369999886      0.458781362    
  0.380000114      0.474331379    
  0.389999390      0.490088284    
  0.399999619      0.506059349    
  0.409999847      0.522246361    
  0.420000076      0.538653076    
  0.429999352      0.555281758    
  0.439999580      0.572139442    
  0.449999809      0.589228392    
  0.460000038      0.606552124    
  0.469999313      0.624113142    
  0.479999542      0.641918361    
  0.489999771      0.659970164    
  0.500000000      0.678272128    
  0.510000229      0.696828425    
  0.519999504      0.715640962    
  0.529999733      0.734716892    
  0.539999962      0.754058480    
  0.550000191      0.773669600    
  0.559999466      0.793551505    
  0.569999695      0.813712656    
  0.579999924      0.834153950    
  0.590000153      0.854879439    
  0.599999428      0.875890672    
  0.609999657      0.897195101    
  0.619999886      0.918794274    
  0.630000114      0.940691531    
  0.639999390      0.962888062    
  0.649999619      0.985391617    
  0.659999847       1.00820303    
  0.670000076       1.03132546    
  0.679999352       1.05475974    
  0.689999580       1.07851326    
  0.699999809       1.10258651    
  0.710000038       1.12698245    
  0.719999313       1.15170121    
  0.729999542       1.17674983    
  0.739999771       1.20212853    
  0.750000000       1.22783959    
  0.760000229       1.25388503    
  0.769999504       1.28026462    
  0.779999733       1.30698466    
  0.789999962       1.33404517    
  0.800000191       1.36144733    
  0.809999466       1.38918984    
  0.819999695       1.41728020    
  0.829999924       1.44571567    
  0.840000153       1.47449827    
  0.849999428       1.50362587    
  0.859999657       1.53310466    
  0.869999886       1.56293273    
  0.880000114       1.59311032    
  0.889999390       1.62363553    
  0.899999619       1.65451336    
  0.909999847       1.68574202    
  0.920000076       1.71732128    
  0.929999352       1.74924743    
  0.939999580       1.78152692    
  0.949999809       1.81415582    
  0.960000038       1.84713411    
  0.969999313       1.88045764    
  0.979999542       1.91413260    
  0.989999771       1.94815469    
   1.00000000       1.98252285    
   1.01000023       2.01723671    
   1.01999950       2.05229139    
   1.02999973       2.08769274    
   1.03999996       2.12343693    
   1.05000019       2.15952158    
   1.05999947       2.19594288    
   1.06999969       2.23270631    
   1.07999992       2.26980734    
   1.09000015       2.30724478    
   1.09999943       2.34501314    
   1.10999966       2.38311911    
   1.11999989       2.42155766    
   1.13000011       2.46032763    
   1.13999939       2.49942374    
   1.14999962       2.53885293    
   1.15999985       2.57861018    
   1.17000008       2.61869454    
   1.17999935       2.65910101    
   1.18999958       2.69983625    
   1.19999981       2.74089646    
   1.21000004       2.78228045    
   1.21999931       2.82398343    
   1.22999954       2.86601329    
   1.23999977       2.90836549    
   1.25000000       2.95103979    
   1.25999928       2.99403214    
   1.26999950       3.03735042    
   1.27999973       3.08099079    
   1.28999996       3.12495375    
   1.30000019       3.16923928    
   1.30999947       3.21384382    
   1.31999969       3.25877666    
   1.32999992       3.30403471    
   1.34000015       3.34961843    
   1.34999943       3.39552498    
   1.35999966       3.44176412    
   1.36999989       3.48833275    
   1.38000011       3.53523326    
   1.38999939       3.58246231    
   1.39999962       3.63003063    
   1.40999985       3.67793703    
   1.42000008       3.72618222    
   1.42999935       3.77476525    
   1.43999958       3.82369685    
   1.44999981       3.87297559    
   1.46000004       3.92260504    
   1.46999931       3.97258258    
   1.47999954       4.02292156    
   1.48999977       4.07361937    
   1.50000000       4.12468052    
   1.50999928       4.17610407    
   1.51999950       4.22790289    
   1.52999973       4.28007603    
   1.53999996       4.33262777    
   1.55000019       4.38556242    
   1.55999947       4.43887901    
   1.56999969       4.49259233    
   1.57999992       4.54670191    
   1.59000015       4.60121155    
   1.59999943       4.65612268    
   1.60999966       4.71144915    
   1.61999989       4.76719141    
   1.63000011       4.82335472    
   1.63999939       4.87993860    
   1.64999962       4.93696022    
   1.65999985       4.99441910    
   1.67000008       5.05232000    
   1.67999935       5.11066437    
   1.68999958       5.16946888    
   1.69999981       5.22873354    
   1.71000004       5.28846455    
   1.71999931       5.34866285    
   1.72999954       5.40934515    
   1.73999977       5.47051287    
   1.75000000       5.53217220    
   1.75999928       5.59432316    
   1.76999950       5.65698528    
   1.77999973       5.72015810    
   1.78999996       5.78384924    
   1.80000019       5.84806490    
   1.80999947       5.91280603    
   1.81999969       5.97809172    
   1.82999992       6.04392385    
   1.84000015       6.11030865    
   1.84999943       6.17724752    
   1.85999966       6.24475956    
   1.86999989       6.31284618    
   1.88000011       6.38151503    
   1.88999939       6.45076704    
   1.89999962       6.52062273    
   1.90999985       6.59108305    
   1.92000008       6.66215611    
   1.92999935       6.73384237    
   1.93999958       6.80616331    
   1.94999981       6.87912083    
   1.96000004       6.95272207    
   1.96999931       7.02696800    
   1.97999954       7.10188150    
   1.98999977       7.17746305    
   2.00000000       7.25372076    
   2.00999928       7.33065653    
   2.01999950       7.40829182    
   2.02999973       7.48662949    
   2.03999996       7.56567764    
   2.05000019       7.64544344    
   2.05999947       7.72592974    
   2.06999969       7.80715942    
   2.07999992       7.88913345    
   2.09000015       7.97186184    
   2.09999943       8.05534458    
   2.10999966       8.13960743    
   2.11999989       8.22465038    
   2.13000011       8.31048203    
   2.13999939       8.39710617    
   2.14999962       8.48454571    
   2.15999985       8.57280254    
   2.17000008       8.66188717    
   2.17999935       8.75179958    
   2.18999958       8.84256649    
   2.19999981       8.93418980    
   2.21000004       9.02667809    
   2.21999931       9.12003231    
   2.22999954       9.21428108    
   2.23999977       9.30942345    
   2.25000000       9.40547276    
   2.25999928       9.50242805    
   2.26999950       9.60031700    
   2.27999973       9.69914341    
   2.28999996       9.79891396    
   2.30000019       9.89964199    
   2.30999947       10.0013275    
   2.31999969       10.1040020    
   2.32999992       10.2076635    
   2.34000015       10.3123245    
   2.34999943       10.4179850    
   2.35999966       10.5246792    
   2.36999989       10.6324043    
   2.38000011       10.7411728    
   2.38999939       10.8509865    
   2.39999962       10.9618769    
   2.40999985       11.0738449    
   2.42000008       11.1869011    
   2.42999935       11.3010483    
   2.43999958       11.4163198    
   2.44999981       11.5327158    
   2.46000004       11.6502485    
   2.46999931       11.7689199    
   2.47999954       11.8887625    
   2.48999977       12.0097780    
   2.50000000       12.1319799    
   2.50999928       12.2553692    
   2.51999950       12.3799801    
   2.52999973       12.5058155    
   2.53999996       12.6328878    
   2.55000019       12.7612095    
   2.55999947       12.8907814    
   2.56999969       13.0216427    
   2.57999992       13.1537933    
   2.59000015       13.2872467    
   2.59999943       13.4220028    
   2.60999966       13.5581036    
   2.61999989       13.6955481    
   2.63000011       13.8343515    
   2.63999939       13.9745131    
   2.64999962       14.1160746    
   2.65999985       14.2590361    
   2.67000008       14.4034147    
   2.67999935       14.5492096    
   2.68999958       14.6964626    
   2.69999981       14.8451767    
   2.71000004       14.9953642    
   2.71999931       15.1470289    
   2.72999954       15.3002119    
   2.73999977       15.4549179    
   2.75000000       15.6111593    
   2.75999928       15.7689390    
   2.76999950       15.9283018    
   2.77999973       16.0892506    
   2.78999996       16.2517986    
   2.79999924       16.4159489    
   2.80999947       16.5817509    
   2.81999969       16.7492027    
   2.82999992       16.9183197    
   2.84000015       17.0891247    
   2.84999943       17.2616119    
   2.85999966       17.4358387    
   2.86999989       17.6117992    
   2.88000011       17.7895164    
   2.88999939       17.9689884    
   2.89999962       18.1502686    
   2.90999985       18.3333569    
   2.92000008       18.5182705    
   2.92999935       18.7050171    
   2.93999958       18.8936424    
   2.94999981       19.0841522    
   2.96000004       19.2765656    
   2.96999931       19.4708843    
   2.97999954       19.6671619    
   2.98999977       19.8654003    
   3.00000000       20.0656223    
   3.00999928       20.2678261    
   3.01999950       20.4720707    
   3.02999973       20.6783581    
   3.03999996       20.8867073    
   3.04999924       21.0971222    
   3.05999947       21.3096619    
   3.06999969       21.5243301    
   3.07999992       21.7411423    
   3.09000015       21.9601288    
   3.09999943       22.1812840    
   3.10999966       22.4046745    
   3.11999989       22.6303043    
   3.13000011       22.8581905    
   3.13999939       23.0883389    
   3.14999962       23.3208122    
   3.15999985       23.5556164    
   3.17000008       23.7927704    
   3.17999935       24.0322800    
   3.18999958       24.2742119    
   3.19999981       24.5185661    
   3.21000004       24.7653694    
   3.21999931       25.0146236    
   3.22999954       25.2663994    
   3.23999977       25.5207005    
   3.25000000       25.7775497    
   3.25999928       26.0369473    
   3.26999950       26.2989731    
   3.27999973       26.5636234    
   3.28999996       26.8309307    
   3.29999924       27.1008892    
   3.30999947       27.3735847    
   3.31999969       27.6490116    
   3.32999992       27.9272041    
   3.34000015       28.2081871    
   3.34999943       28.4919605    
   3.35999966       28.7786064    
   3.36999989       29.0681286    
   3.38000011       29.3605576    
   3.38999939       29.6558895    
   3.39999962       29.9542141    
   3.40999985       30.2555332    
   3.42000008       30.5598755    
   3.42999935       30.8672428    
   3.43999958       31.1777229    
   3.44999981       31.4913197    
   3.46000004       31.8080635    
   3.46999931       32.1279564    
   3.47999954       32.4510880    
   3.48999977       32.7774696    
   3.50000000       33.1071205    
   3.50999928       33.4400520    
   3.51999950       33.7763596    
   3.52999973       34.1160393    
   3.53999996       34.4591331    
   3.54999924       34.8056335    
   3.55999947       35.1556473    
   3.56999969       35.5091782    
   3.57999992       35.8662567    
   3.59000015       36.2269211    
   3.59999943       36.5911713    
   3.60999966       36.9591141    
   3.61999989       37.3307533    
   3.63000011       37.7061234    
   3.63999939       38.0852242    
   3.64999962       38.4681702    
   3.65999985       38.8549614    
   3.67000008       39.2456398    
   3.67999935       39.6402054    
   3.68999958       40.0387650    
   3.69999981       40.4413300    
   3.71000004       40.8479424    
   3.71999931       41.2585945    
   3.72999954       41.6734123    
   3.73999977       42.0923958    
   3.75000000       42.5155907    
   3.75999928       42.9429893    
   3.76999950       43.3747253    
   3.77999973       43.8107986    
   3.78999996       44.2512512    
   3.79999924       44.6960869    
   3.80999947       45.1454353    
   3.81999969       45.5992966    
   3.82999992       46.0577164    
   3.84000015       46.5207405    
   3.84999943       46.9883728    
   3.85999966       47.4607468    
   3.86999989       47.9378624    
   3.88000011       48.4197769    
   3.88999939       48.9064865    
   3.89999962       49.3981285    
   3.90999985       49.8947105    
   3.92000008       50.3962822    
   3.92999935       50.9028473    
   3.93999958       51.4145470    
   3.94999981       51.9313889    
   3.96000004       52.4534225    
   3.96999931       52.9806480    
   3.97999954       53.5132256    
   3.98999977       54.0511551    
   4.00000000       54.5944862    
   4.00999928       55.1432266    
   4.01999950       55.6975288    
   4.02999973       56.2574043    
   4.03999996       56.8229027    
   4.04999924       57.3940315    
   4.05999947       57.9709511    
   4.06999969       58.5536690    
   4.07999992       59.1422424    
   4.09000015       59.7367287    
   4.09999943       60.3371277    
   4.10999966       60.9436226    
   4.11999989       61.5562096    
   4.13000011       62.1749496    
   4.13999939       62.7998505    
   4.14999962       63.4310875    
   4.15999985       64.0686722    
   4.17000008       64.7126541    
   4.17999935       65.3630600    
   4.18999958       66.0200577    
   4.19999981       66.6836472    
   4.21000004       67.3539200    
   4.21999931       68.0308533    
   4.22999954       68.7146530    
   4.23999977       69.4053345    
   4.25000000       70.1029510    
   4.25999928       70.8075027    
   4.26999950       71.5192108    
   4.27999973       72.2380600    
   4.28999996       72.9641495    
   4.29999924       73.6974564    
   4.30999947       74.4382019    
   4.31999969       75.1863937    
   4.32999992       75.9421005    
   4.34000015       76.7054062    
   4.34999943       77.4763031    
   4.35999966       78.2550278    
   4.36999989       79.0415802    
   4.38000011       79.8360291    
   4.38999939       80.6383896    
   4.39999962       81.4488831    
   4.40999985       82.2675247    
   4.42000008       83.0943985    
   4.42999935       83.9294968    
   4.43999958       84.7730637    
   4.44999981       85.6251221    
   4.46000004       86.4857254    
   4.46999931       87.3549118    
   4.47999954       88.2329025    
   4.48999977       89.1197205    
   4.50000000       90.0154495    
   4.50999928       90.9201050    
   4.51999950       91.8339310    
   4.52999973       92.7569351    
   4.53999996       93.6892166    
   4.54999924       94.6307831    
   4.55999947       95.5818939    
   4.56999969       96.5425720    
   4.57999992       97.5129013    
   4.58999920       98.4928894    
   4.59999943       99.4828186    
   4.60999966       100.482697    
   4.61999989       101.492622    
   4.63000011       102.512703    
   4.63999939       103.542923    
   4.64999962       104.583611    
   4.65999985       105.634750    
   4.67000008       106.696457    
   4.67999935       107.768730    
   4.68999958       108.851875    
   4.69999981       109.945915    
   4.71000004       111.050941    
   4.71999931       112.166969    
   4.72999954       113.294327    
   4.73999977       114.433006    
   4.75000000       115.583130    
   4.75999928       116.744713    
   4.76999950       117.918068    
   4.77999973       119.103218    
   4.78999996       120.300278    
   4.79999924       121.509254    
   4.80999947       122.730499    
   4.81999969       123.964012    
   4.82999992       125.209930    
   4.83999920       126.468246    
   4.84999943       127.739326    
   4.85999966       129.023178    
   4.86999989       130.319946    
   4.88000011       131.629730    
   4.88999939       132.952560    
   4.89999962       134.288818    
   4.90999985       135.638489    
   4.92000008       137.001740    
   4.92999935       138.378540    
   4.93999958       139.769318    
   4.94999981       141.174088    
   4.96000004       142.592957    
   4.96999931       144.025970    
   4.97999954       145.473495    
   4.98999977       146.935577    
   5.00000000       148.412369    
   5.00999928       149.903854    
   5.01999950       151.410461    
   5.02999973       152.932205    
   5.03999996       154.469269    
   5.04999924       156.021606    
   5.05999947       157.589706    
   5.06999969       159.173569    
   5.07999992       160.773346    
   5.08999920       162.389023    
   5.09999943       164.021133    
   5.10999966       165.669632    
   5.11999989       167.334686    
   5.13000011       169.016479    
   5.13999939       170.715027    
   5.14999962       172.430786    
   5.15999985       174.163803    
   5.17000008       175.914230    
   5.17999935       177.682083    
   5.18999958       179.467880    
   5.19999981       181.271606    
   5.21000004       183.093491    
   5.21999931       184.933472    
   5.22999954       186.792160    
   5.23999977       188.669495    
   5.25000000       190.565720    
   5.25999928       192.480804    
   5.26999950       194.415329    
   5.27999973       196.369293    
   5.28999996       198.342896    
   5.29999924       200.336136    
   5.30999947       202.349609    
   5.31999969       204.383316    
   5.32999992       206.437469    
   5.33999920       208.512054    
   5.34999943       210.607712    
   5.35999966       212.724396    
   5.36999989       214.862381    
   5.38000011       217.021835    
   5.38999939       219.202805    
   5.39999962       221.405884    
   5.40999985       223.631104    
   5.42000008       225.878708    
   5.42999935       228.148666    
   5.43999958       230.441681    
   5.44999981       232.757706    
   5.46000004       235.097015    
   5.46999931       237.459641    
   5.47999954       239.846207    
   5.48999977       242.256760    
   5.50000000       244.691544    
   5.50999928       247.150574    
   5.51999950       249.634537    
   5.52999973       252.143478    
   5.53999996       254.677628    
   5.54999924       257.237000    
   5.55999947       259.822327    
   5.56999969       262.433685    
   5.57999992       265.071259    
   5.58999920       267.735077    
   5.59999943       270.425903    
   5.60999966       273.143799    
   5.61999989       275.889008    
   5.63000011       278.661835    
   5.63999939       281.462250    
   5.64999962       284.291046    
   5.65999985       287.148285    
   5.67000008       290.034241    
   5.67999935       292.948944    
   5.68999958       295.893188    
   5.69999981       298.867065    
   5.71000004       301.870819    
   5.71999931       304.904449    
   5.72999954       307.968842    
   5.73999977       311.064056    
   5.75000000       314.190399    
   5.75999928       317.347839    
   5.76999950       320.537292    
   5.77999973       323.758850    
   5.78999996       327.012756    
   5.79999924       330.299072    
   5.80999947       333.618713    
   5.81999969       336.971710    
   5.82999992       340.358398    
   5.83999920       343.778809    
   5.84999943       347.233948    
   5.85999966       350.723785    
   5.86999989       354.248718    
   5.88000011       357.809082    
   5.88999939       361.404846    
   5.89999962       365.037109    
   5.90999985       368.705872    
   5.92000008       372.411530    
   5.92999935       376.154053    
   5.93999958       379.934570    
   5.94999981       383.753052    
   5.96000004       387.609924    
   5.96999931       391.505188    
   5.97999954       395.440002    
   5.98999977       399.414337    
   6.00000000       403.428619    
   6.01000023       407.483215    
   6.02000046       411.578613    
   6.02999878       415.714325    
   6.03999901       419.892426    
   6.04999924       424.112518    
   6.05999947       428.375031    
   6.06999969       432.680359    
   6.07999992       437.028992    
   6.09000015       441.421295    
   6.10000038       445.857788    
   6.10999870       450.337982    
   6.11999893       454.864044    
   6.12999916       459.435608    
   6.13999939       464.053131    
   6.14999962       468.717041    
   6.15999985       473.427856    
   6.17000008       478.186005    
   6.18000031       482.991943    
   6.19000053       487.846222    
   6.19999886       492.748322    
   6.20999908       497.700653    
   6.21999931       502.702728    
   6.22999954       507.755096    
   6.23999977       512.858276    
   6.25000000       518.012695    
   6.26000023       523.218933    
   6.27000046       528.477478    
   6.27999878       533.787903    
   6.28999901       539.152649    
   6.29999924       544.571350    
   6.30999947       550.044556    
   6.31999969       555.572693    
   6.32999992       561.156433    
   6.34000015       566.796265    
   6.35000038       572.492798    
   6.35999870       578.245483    
   6.36999893       584.057068    
   6.37999916       589.927063    
   6.38999939       595.856079    
   6.39999962       601.844666    
   6.40999985       607.893494    
   6.42000008       614.003052    
   6.43000031       620.174011    
   6.44000053       626.406982    
   6.44999886       632.701477    
   6.45999908       639.060364    
   6.46999931       645.483154    
   6.47999954       651.970520    
   6.48999977       658.523071    
   6.50000000       665.141541    
   6.51000023       671.826477    
   6.52000046       678.578552    
   6.52999878       685.397278    
   6.53999901       692.285828    
   6.54999924       699.243591    
   6.55999947       706.271240    
   6.56999969       713.369568    
   6.57999992       720.539185    
   6.59000015       727.780945    
   6.60000038       735.095398    
   6.60999870       742.481995    
   6.61999893       749.944214    
   6.62999916       757.481445    
   6.63999939       765.094482    
   6.64999962       772.783997    
   6.65999985       780.550781    
   6.67000008       788.395630    
   6.68000031       796.319275    
   6.69000053       804.322632    
   6.69999886       812.404846    
   6.70999908       820.569824    
   6.71999931       828.816895    
   6.72999954       837.146851    
   6.73999977       845.560486    
   6.75000000       854.058716    
   6.76000023       862.642334    
   6.77000046       871.312256    
   6.77999878       880.067566    
   6.78999901       888.912598    
   6.79999924       897.846558    
   6.80999947       906.870239    
   6.81999969       915.984680    
   6.82999992       925.190674    
   6.84000015       934.489197    
   6.85000038       943.881226    
   6.85999870       953.365784    
   6.86999893       962.947449    
   6.87999916       972.625488    
   6.88999939       982.400757    
   6.89999962       992.274292    
   6.90999985       1002.24701    
   6.92000008       1012.32001    
   6.93000031       1022.49420    
   6.94000053       1032.77075    
   6.94999886       1043.14856    
   6.95999908       1053.63257    
   6.96999931       1064.22205    
   6.97999954       1074.91785    
   6.98999977       1085.72119    
   7.00000000       1096.63318    
   7.01000023       1107.65479    
   7.02000046       1118.78711    
   7.02999878       1130.02917    
   7.03999901       1141.38647    
   7.04999924       1152.85791    
   7.05999947       1164.44458    
   7.06999969       1176.14771    
   7.07999992       1187.96838    
   7.09000015       1199.90796    
   7.10000038       1211.96753    
   7.10999870       1224.14600    
   7.11999893       1236.44910    
   7.12999916       1248.87598    
   7.13999939       1261.42761    
   7.14999962       1274.10547    
   7.15999985       1286.91077    
   7.17000008       1299.84473    
   7.18000031       1312.90869    
   7.19000053       1326.10388    
   7.19999886       1339.42920    
   7.20999908       1352.89099    
   7.21999931       1366.48816    
   7.22999954       1380.22192    
   7.23999977       1394.09363    
   7.25000000       1408.10486    
   7.26000023       1422.25684    
   7.27000046       1436.55115    
   7.27999878       1450.98621    
   7.28999901       1465.56921    
   7.29999924       1480.29883    
   7.30999947       1495.17639    
   7.31999969       1510.20349    
   7.32999992       1525.38171    
   7.34000015       1540.71240    
   7.35000038       1556.19714    
   7.35999870       1571.83447    
   7.36999893       1587.63208    
   7.37999916       1603.58838    
   7.38999939       1619.70508    
   7.39999962       1635.98376    
   7.40999985       1652.42615    
   7.42000008       1669.03369    
   7.43000031       1685.80811    
   7.44000053       1702.75110    
   7.44999886       1719.86121    
   7.45999908       1737.14648    
   7.46999931       1754.60547    
   7.47999954       1772.23999    
   7.48999977       1790.05164    
   7.50000000       1808.04236    
   7.51000023       1826.21399    
   7.52000046       1844.56812    
   7.52999878       1863.10327    
   7.53999901       1881.82812    
   7.54999924       1900.74133    
   7.55999947       1919.84448    
   7.56999969       1939.13965    
   7.57999992       1958.62878    
   7.59000015       1978.31384    
   7.60000038       1998.19666    
   7.60999870       2018.27551    
   7.61999893       2038.55994    
   7.62999916       2059.04834    
   7.63999939       2079.74243    
   7.64999962       2100.64478    
   7.65999985       2121.75708    
   7.67000008       2143.08154    
   7.68000031       2164.62036    
   7.69000053       2186.37573    
   7.69999886       2208.34546    
   7.70999908       2230.54028    
   7.71999931       2252.95801    
   7.72999954       2275.60107    
   7.73999977       2298.47192    
   7.75000000       2321.57251    
   7.76000023       2344.90503    
   7.77000046       2368.47241    
   7.77999878       2392.27197    
   7.78999901       2416.31519    
   7.79999924       2440.60010    
   7.80999947       2465.12915    
   7.81999969       2489.90454    
   7.82999992       2514.92920    
   7.84000015       2540.20532    
   7.85000038       2565.73535    
   7.85999870       2591.51709    
   7.86999893       2617.56274    
   7.87999916       2643.87036    
   7.88999939       2670.44238    
   7.89999962       2697.28125    
   7.90999985       2724.39014    
   7.92000008       2751.77124    
   7.93000031       2779.42773    
   7.94000053       2807.36206    
   7.94999886       2835.57178    
   7.95999908       2864.07031    
   7.96999931       2892.85547    
   7.97999954       2921.92969    
   7.98999977       2951.29639    
   8.00000000       2980.95801    
   8.01000023       3010.91772    
   8.02000046       3041.17871    
   8.02999878       3071.73804    
   8.03999901       3102.61011    
   8.04999924       3133.79248    
   8.05999947       3165.28833    
   8.06999969       3197.10083    
   8.07999992       3229.23291    
   8.09000015       3261.68799    
   8.10000038       3294.46924    
   8.10999870       3327.57373    
   8.11999893       3361.01709    
   8.12999916       3394.79663    
   8.13999939       3428.91577    
   8.14999962       3463.37769    
   8.15999985       3498.18604    
   8.17000008       3533.34424    
   8.18000031       3568.85571    
   8.19000053       3604.72412    
   8.19999886       3640.94604    
   8.20999908       3677.53906    
   8.21999931       3714.49976    
   8.22999954       3751.83203    
   8.23999977       3789.53955    
   8.25000000       3827.62573    
   8.26000023       3866.09497    
   8.27000046       3904.95068    
   8.27999878       3944.18945    
   8.28999901       3983.83032    
   8.29999924       4023.86938    
   8.30999947       4064.31079    
   8.31999969       4105.15869    
   8.32999992       4146.41699    
   8.34000015       4188.09033    
   8.35000038       4230.18213    
   8.35999870       4272.68945    
   8.36999893       4315.63135    
   8.37999916       4359.00537    
   8.38999939       4402.81494    
   8.39999962       4447.06494    
   8.40999985       4491.75977    
   8.42000008       4536.90381    
   8.43000031       4582.50146    
   8.44000053       4628.55762    
   8.44999886       4675.06738    
   8.45999908       4722.05371    
   8.46999931       4769.51221    
   8.47999954       4817.44775    
   8.48999977       4865.86475    
   8.50000000       4914.76904    
   8.51000023       4964.16406    
   8.52000046       5014.05615    
   8.52999878       5064.43945    
   8.53999901       5115.33936    
   8.54999924       5166.75049    
   8.55999947       5218.67822    
   8.56999969       5271.12842    
   8.57999992       5324.10498    
   8.59000015       5377.61426    
   8.60000038       5431.66162    
   8.60999870       5486.24170    
   8.61999893       5541.38037    
   8.62999916       5597.07373    
   8.63999939       5653.32617    
   8.64999962       5710.14453    
   8.65999985       5767.53369    
   8.67000008       5825.50000    
   8.68000031       5884.04834    
   8.69000053       5943.18555    
   8.69999886       6002.90527    
   8.70999908       6063.23682    
   8.71999931       6124.17480    
   8.72999954       6185.72510    
   8.73999977       6247.89404    
   8.75000000       6310.68799    
   8.76000023       6374.11279    
   8.77000046       6438.17529    
   8.77999878       6502.86914    
   8.78999901       6568.22559    
   8.79999924       6634.23877    
   8.80999947       6700.91553    
   8.81999969       6768.26270    
   8.82999992       6836.28613    
   8.84000015       6904.99365    
   8.85000038       6974.39160    
   8.85999870       7044.47363    
   8.86999893       7115.27344    
   8.87999916       7186.78467    
   8.88999939       7259.01465    
   8.89999962       7331.97070    
   8.90999985       7405.66016    
   8.92000008       7480.08984    
   8.93000031       7555.26758    
   8.93999863       7631.18652    
   8.94999886       7707.88281    
   8.95999908       7785.35010    
   8.96999931       7863.59619    
   8.97999954       7942.62842    
   8.98999977       8022.45508    
   9.00000000       8103.08398    
   9.01000023       8184.52295    
   9.02000046       8266.78125    
   9.02999878       8349.84961    
   9.03999901       8433.76855    
   9.04999924       8518.53125    
   9.05999947       8604.14648    
   9.06999969       8690.62109    
   9.07999992       8777.96582    
   9.09000015       8866.18750    
   9.10000038       8955.29590    
   9.10999870       9045.28320    
   9.11999893       9136.19141    
   9.12999916       9228.01465    
   9.13999939       9320.75977    
   9.14999962       9414.43652    
   9.15999985       9509.05566    
   9.17000008       9604.62500    
   9.18000031       9701.15527    
   9.18999863       9798.63770    
   9.19999886       9897.11816    
   9.20999908       9996.58789    
   9.21999931       10097.0576    
   9.22999954       10198.5371    
   9.23999977       10301.0361    
   9.25000000       10404.5654    
   9.26000023       10509.1357    
   9.27000046       10614.7568    
   9.27999878       10721.4189    
   9.28999901       10829.1738    
   9.29999924       10938.0107    
   9.30999947       11047.9424    
   9.31999969       11158.9785    
   9.32999992       11271.1309    
   9.34000015       11384.4102    
   9.35000038       11498.8281    
   9.35999870       11614.3730    
   9.36999893       11731.1025    
   9.37999916       11849.0049    
   9.38999939       11968.0918    
   9.39999962       12088.3760    
   9.40999985       12209.8691    
   9.42000008       12332.5830    
   9.43000031       12456.5303    
   9.43999863       12581.6992    
   9.44999886       12708.1504    
   9.45999908       12835.8730    
   9.46999931       12964.8779    
   9.47999954       13095.1807    
   9.48999977       13226.7920    
   9.50000000       13359.7266    
   9.51000023       13493.9971    
   9.52000046       13629.6172    
   9.52999878       13766.5742    
   9.53999901       13904.9336    
   9.54999924       14044.6836    
   9.55999947       14185.8389    
   9.56999969       14328.4121    
   9.57999992       14472.4180    
   9.59000015       14617.8721    
   9.60000038       14764.7871    
   9.60999870       14913.1504    
   9.61999893       15063.0342    
   9.62999916       15214.4229    
   9.63999939       15367.3340    
   9.64999962       15521.7822    
   9.65999985       15677.7822    
   9.67000008       15835.3506    
   9.68000031       15994.5020    
   9.68999863       16155.2217    
   9.69999886       16317.5889    
   9.70999908       16481.5859    
   9.71999931       16647.2324    
   9.72999954       16814.5449    
   9.73999977       16983.5371    
   9.75000000       17154.2285    
   9.76000023       17326.6348    
   9.77000046       17500.7754    
   9.77999878       17676.6309    
   9.78999901       17854.2891    
   9.79999924       18033.7305    
   9.80999947       18214.9766    
   9.81999969       18398.0449    
   9.82999992       18582.9531    
   9.84000015       18769.7188    
   9.85000038       18958.3613    
   9.85999870       19148.8652    
   9.86999893       19341.3184    
   9.87999916       19535.7070    
   9.88999939       19732.0488    
   9.89999962       19930.3633    
   9.90999985       20130.6719    
   9.92000008       20332.9922    
   9.93000031       20537.3477    
   9.93999863       20743.7148    
   9.94999886       20952.1992    
   9.95999908       21162.7754    
   9.96999931       21375.4707    
   9.97999954       21590.3027    
   9.98999977       21807.2930    
