   0.00000000                  NaN
   9.99999978E-03 -0.990000069    
   1.99999996E-02 -0.980001450    
   2.99999993E-02 -0.970004499    
   3.99999991E-02 -0.960010529    
   4.99999970E-02 -0.950020969    
   5.99999987E-02 -0.940035939    
   7.00000003E-02 -0.930057168    
   7.99999982E-02 -0.920085430    
   8.99999961E-02 -0.910121560    
   9.99999940E-02 -0.900166512    
  0.109999999     -0.890221715    
  0.119999997     -0.880287886    
  0.129999995     -0.870365858    
  0.140000001     -0.860456884    
  0.149999991     -0.850561857    
  0.159999996     -0.840681791    
  0.170000002     -0.830817580    
  0.179999992     -0.820970535    
  0.189999998     -0.811141014    
  0.199999988     -0.801330686    
  0.209999993     -0.791540205    
  0.219999999     -0.781770349    
  0.229999989     -0.772022605    
  0.239999995     -0.762297392    
  0.250000000     -0.752595901    
  0.259999990     -0.742919564    
  0.269999981     -0.733268738    
  0.280000001     -0.723644257    
  0.289999992     -0.714047909    
  0.299999982     -0.704479814    
  0.310000002     -0.694941521    
  0.319999993     -0.685433328    
  0.329999983     -0.675956964    
  0.340000004     -0.666512907    
  0.349999994     -0.657102227    
  0.359999985     -0.647725821    
  0.370000005     -0.638384581    
  0.379999995     -0.629079521    
  0.389999986     -0.619811594    
  0.399999976     -0.610581636    
  0.409999996     -0.601390839    
  0.419999987     -0.592239559    
  0.429999977     -0.583129466    
  0.439999998     -0.574060678    
  0.449999988     -0.565034389    
  0.459999979     -0.556051791    
  0.469999999     -0.547113717    
  0.479999989     -0.538220704    
  0.489999980     -0.529374123    
  0.500000000     -0.520574391    
  0.509999990     -0.511822701    
  0.519999981     -0.503119886    
  0.529999971     -0.494466662    
  0.539999962     -0.485864043    
  0.550000012     -0.477312624    
  0.560000002     -0.468813777    
  0.569999993     -0.460367978    
  0.579999983     -0.451976061    
  0.589999974     -0.443638861    
  0.599999964     -0.435357451    
  0.610000014     -0.427132666    
  0.620000005     -0.418964863    
  0.629999995     -0.410855234    
  0.639999986     -0.402804554    
  0.649999976     -0.394813597    
  0.659999967     -0.386883199    
  0.669999957     -0.379014075    
  0.680000007     -0.371206999    
  0.689999998     -0.363462806    
  0.699999988     -0.355782330    
  0.709999979     -0.348166227    
  0.719999969     -0.340615332    
  0.729999959     -0.333130538    
  0.740000010     -0.325712085    
  0.750000000     -0.318361163    
  0.759999990     -0.311078489    
  0.769999981     -0.303864717    
  0.779999971     -0.296720624    
  0.789999962     -0.289646685    
  0.799999952     -0.282643855    
  0.810000002     -0.275712848    
  0.819999993     -0.268854141    
  0.829999983     -0.262068570    
  0.839999974     -0.255357027    
  0.849999964     -0.248719633    
  0.859999955     -0.242157459    
  0.870000005     -0.235671163    
  0.879999995     -0.229261100    
  0.889999986     -0.222928405    
  0.899999976     -0.216673076    
  0.909999967     -0.210496306    
  0.919999957     -0.204398394    
  0.930000007     -0.198380172    
  0.939999998     -0.192441821    
  0.949999988     -0.186584353    
  0.959999979     -0.180808365    
  0.969999969     -0.175114334    
  0.979999959     -0.169502676    
  0.989999950     -0.163973987    
   1.00000000     -0.158529162    
   1.00999999     -0.153168142    
   1.01999998     -0.147891939    
   1.02999997     -0.142700970    
   1.03999996     -0.137595713    
   1.04999995     -0.132576823    
   1.05999994     -0.127644539    
   1.06999993     -0.122799516    
   1.07999992     -0.118042171    
   1.09000003     -0.113372922    
   1.10000002     -0.108792543    
   1.11000001     -0.104301453    
   1.12000000      -9.98996496E-02
   1.13000000      -9.55877900E-02
   1.13999999      -9.13664699E-02
   1.14999998      -8.72359872E-02
   1.15999997      -8.31968784E-02
   1.16999996      -7.92495608E-02
   1.17999995      -7.53941536E-02
   1.18999994      -7.16310740E-02
   1.19999993      -6.79608583E-02
   1.20999992      -6.43841624E-02
   1.22000003      -6.09005690E-02
   1.23000002      -5.75113297E-02
   1.24000001      -5.42159677E-02
   1.25000000      -5.10153770E-02
   1.25999999      -4.79097962E-02
   1.26999998      -4.48991060E-02
   1.27999997      -4.19840813E-02
   1.28999996      -3.91649604E-02
   1.29999995      -3.64417434E-02
   1.30999994      -3.38152051E-02
   1.31999993      -3.12850475E-02
   1.32999992      -2.88517475E-02
   1.33999991      -2.65154839E-02
   1.35000002      -2.42767334E-02
   1.36000001      -2.21354961E-02
   1.37000000      -2.00920701E-02
   1.38000000      -1.81463957E-02
   1.38999999      -1.62993073E-02
   1.39999998      -1.45500898E-02
   1.40999997      -1.28999949E-02
   1.41999996      -1.13483667E-02
   1.42999995      -9.89538431E-03
   1.43999994      -8.54188204E-03
   1.44999993      -7.28702545E-03
   1.45999992      -6.13176823E-03
   1.46999991      -5.07551432E-03
   1.48000002      -4.11927700E-03
   1.49000001      -3.26210260E-03
   1.50000000      -2.50500441E-03
   1.50999999      -1.84750557E-03
   1.51999998      -1.28996372E-03
   1.52999997      -8.32319260E-04
   1.53999996      -4.74274158E-04
   1.54999995      -2.16484070E-04
   1.55999994      -5.85317612E-05
   1.56999993      -4.17232513E-07
   1.57999992      -4.24981117E-05
   1.58999991      -1.84476376E-04
   1.59999990      -4.26530838E-04
   1.61000001      -7.68303871E-04
   1.62000000      -1.21051073E-03
   1.63000000      -1.75213814E-03
   1.63999999      -2.39372253E-03
   1.64999998      -3.13520432E-03
   1.65999997      -3.97622585E-03
   1.66999996      -4.91678715E-03
   1.67999995      -5.95700741E-03
   1.68999994      -7.09658861E-03
   1.69999993      -8.33553076E-03
   1.70999992      -9.67341661E-03
   1.71999991      -1.11104846E-02
   1.73000002      -1.26463771E-02
   1.74000001      -1.42810345E-02
   1.75000000      -1.60143971E-02
   1.75999999      -1.78460479E-02
   1.76999998      -1.97759867E-02
   1.77999997      -2.18038559E-02
   1.78999996      -2.39295363E-02
   1.79999995      -2.61529684E-02
   1.80999994      -2.84736156E-02
   1.81999993      -3.08914781E-02
   1.82999992      -3.34061980E-02
   1.83999991      -3.60177159E-02
   1.84999990      -3.87254953E-02
   1.86000001      -4.15294170E-02
   1.87000000      -4.44293022E-02
   1.88000000      -4.74246144E-02
   1.88999999      -5.05154729E-02
   1.89999998      -5.37008643E-02
   1.90999997      -5.69812655E-02
   1.91999996      -6.03556037E-02
   1.92999995      -6.38241172E-02
   1.93999994      -6.73862696E-02
   1.94999993      -7.10417032E-02
   1.95999992      -7.47898817E-02
   1.96999991      -7.86308050E-02
   1.97999990      -8.25639367E-02
   1.99000001      -8.65886807E-02
   2.00000000      -9.07047391E-02
   2.00999999      -9.49116945E-02
   2.01999998      -9.92091894E-02
   2.02999997     -0.103596628    
   2.03999996     -0.108073950    
   2.04999995     -0.112640619    
   2.05999994     -0.117295623    
   2.06999993     -0.122039020    
   2.07999992     -0.126870573    
   2.08999991     -0.131789207    
   2.09999990     -0.136794627    
   2.10999990     -0.141886413    
   2.11999989     -0.147064090    
   2.12999988     -0.152327120    
   2.13999987     -0.157674611    
   2.14999986     -0.163106740    
   2.15999985     -0.168622434    
   2.16999984     -0.174221218    
   2.18000007     -0.179902911    
   2.19000006     -0.185666442    
   2.20000005     -0.191511512    
   2.21000004     -0.197437167    
   2.22000003     -0.203443468    
   2.23000002     -0.209529221    
   2.24000001     -0.215694070    
   2.25000000     -0.221937418    
   2.25999999     -0.228258789    
   2.26999998     -0.234657049    
   2.27999997     -0.241131902    
   2.28999996     -0.247683227    
   2.29999995     -0.254309416    
   2.30999994     -0.261010289    
   2.31999993     -0.267784953    
   2.32999992     -0.274633229    
   2.33999991     -0.281553864    
   2.34999990     -0.288546503    
   2.35999990     -0.295610368    
   2.36999989     -0.302744806    
   2.37999988     -0.309948862    
   2.38999987     -0.317222297    
   2.39999986     -0.324564040    
   2.40999985     -0.331973255    
   2.41999984     -0.339449525    
   2.42999983     -0.346991777    
   2.44000006     -0.354599833    
   2.45000005     -0.362272263    
   2.46000004     -0.370009124    
   2.47000003     -0.377808690    
   2.48000002     -0.385670483    
   2.49000001     -0.393594146    
   2.50000000     -0.401578546    
   2.50999999     -0.409622848    
   2.51999998     -0.417726696    
   2.52999997     -0.425888836    
   2.53999996     -0.434108615    
   2.54999995     -0.442385614    
   2.55999994     -0.450718284    
   2.56999993     -0.459106028    
   2.57999992     -0.467549086    
   2.58999991     -0.476044655    
   2.59999990     -0.484593451    
   2.60999990     -0.493194163    
   2.61999989     -0.501846015    
   2.62999988     -0.510548234    
   2.63999987     -0.519299686    
   2.64999986     -0.528100252    
   2.65999985     -0.536947966    
   2.66999984     -0.545842588    
   2.67999983     -0.554783762    
   2.69000006     -0.563770473    
   2.70000005     -0.572801352    
   2.71000004     -0.581875205    
   2.72000003     -0.590992212    
   2.73000002     -0.600151539    
   2.74000001     -0.609351635    
   2.75000000     -0.618591726    
   2.75999999     -0.627871871    
   2.76999998     -0.637189806    
   2.77999997     -0.646546483    
   2.78999996     -0.655939937    
   2.79999995     -0.665369034    
   2.80999994     -0.674835086    
   2.81999993     -0.684334993    
   2.82999992     -0.693869233    
   2.83999991     -0.703437209    
   2.84999990     -0.713037968    
   2.85999990     -0.722670197    
   2.86999989     -0.732334614    
   2.87999988     -0.742030859    
   2.88999987     -0.751757026    
   2.89999986     -0.761513948    
   2.90999985     -0.771300673    
   2.91999984     -0.781117797    
   2.92999983     -0.790964961    
   2.93999982     -0.800842226    
   2.95000005     -0.810752571    
   2.96000004     -0.820693970    
   2.97000003     -0.830668092    
   2.98000002     -0.840678871    
   2.99000001     -0.850726664    
   3.00000000     -0.860817254    
   3.00999999     -0.870954275    
   3.01999998     -0.881144285    
   3.02999997     -0.891399920    
   3.03999996     -0.901733398    
   3.04999995     -0.912170589    
   3.05999994     -0.922737837    
   3.06999993     -0.933488429    
   3.07999992     -0.944510639    
   3.08999991     -0.955949247    
   3.09999990     -0.968108714    
   3.10999990     -0.981664062    
   3.11999989     -0.998535752    
   3.12999988      -1.02731419    
   3.13999987      -1.29235291    
